DF-ISE text

Info {
  version   = 1.0
  type      = xyplot
  datasets  = [
    "time"
    "drain_contact OuterVoltage" "drain_contact InnerVoltage" "drain_contact QuasiFermiPotential" "drain_contact DisplacementCurrent" "drain_contact eCurrent"
    "drain_contact hCurrent" "drain_contact TotalCurrent" "drain_contact Charge" "source_contact OuterVoltage" "source_contact InnerVoltage"
    "source_contact QuasiFermiPotential" "source_contact DisplacementCurrent" "source_contact eCurrent" "source_contact hCurrent" "source_contact TotalCurrent"
    "source_contact Charge" "gate_contact OuterVoltage" "gate_contact InnerVoltage" "gate_contact QuasiFermiPotential" "gate_contact DisplacementCurrent"
    "gate_contact eCurrent" "gate_contact hCurrent" "gate_contact TotalCurrent" "gate_contact Charge" "Pos(0,0.0145) Polarization/x"
    "Pos(0,0.0145) Polarization/y" "Pos(0,0.0145) ElectricField/x" "Pos(0,0.0145) ElectricField/y" ]
  functions = [
    Time
    OuterVoltage InnerVoltage QuasiFermiPotential DisplacementCurrent eCurrent
    hCurrent TotalCurrent Charge OuterVoltage InnerVoltage
    QuasiFermiPotential DisplacementCurrent eCurrent hCurrent TotalCurrent
    Charge OuterVoltage InnerVoltage QuasiFermiPotential DisplacementCurrent
    eCurrent hCurrent TotalCurrent Charge Polarization
    Polarization ElectricField ElectricField ]
}

Data {
      1.00000000000000E-02
      1.00000000000000E-02   1.00000000000000E-02   0.00000000000000E+00   0.00000000000000E+00   1.25425861390425E-06
      4.37471862531286E-23   1.25425861390425E-06   2.78944447770708E-18   0.00000000000000E+00   0.00000000000000E+00
      0.00000000000000E+00   0.00000000000000E+00  -1.25425862409466E-06  -4.34436914272524E-23  -1.25425862409466E-06
      2.75171830468018E-18   0.00000000000000E+00   0.00000000000000E+00   0.00000000000000E+00   0.00000000000000E+00
      0.00000000000000E+00   0.00000000000000E+00   0.00000000000000E+00  -7.69146305139015E-17   0.00000000000000E+00
     -4.61820698612732E-07  -1.03270317031863E+02   3.03660201879293E+05
      2.97333333333333E-02
      2.97333333333333E-02   2.97333333333333E-02   0.00000000000000E+00   0.00000000000000E+00   3.48579406074956E-06
      1.26605821427392E-22   3.48579406074956E-06   2.87226491326028E-18   0.00000000000000E+00   0.00000000000000E+00
      0.00000000000000E+00   0.00000000000000E+00  -3.48579406074936E-06  -1.25761641151909E-22  -3.48579406074936E-06
      2.75152228261696E-18   0.00000000000000E+00   0.00000000000000E+00   0.00000000000000E+00   0.00000000000000E+00
      0.00000000000000E+00   0.00000000000000E+00   0.00000000000000E+00  -7.80511643157486E-17   0.00000000000000E+00
     -4.58785405669730E-07  -3.06014900857990E+02   3.05586034041458E+05
      6.86737777777778E-02
      6.86737777777778E-02   6.86737777777778E-02   0.00000000000000E+00   0.00000000000000E+00   7.01249683113796E-06
      2.48505856085975E-22   7.01249683113796E-06   3.04944116206580E-18   0.00000000000000E+00   0.00000000000000E+00
      0.00000000000000E+00   0.00000000000000E+00  -7.01249683113695E-06  -2.46991235218624E-22  -7.01249683113695E-06
      2.75115801068854E-18   0.00000000000000E+00   0.00000000000000E+00   0.00000000000000E+00   0.00000000000000E+00
      0.00000000000000E+00   0.00000000000000E+00   0.00000000000000E+00  -8.00937301806236E-17   0.00000000000000E+00
     -4.53543769442934E-07  -6.90632563174340E+02   3.08902404721071E+05
      1.45516254814815E-01
      1.45516254814815E-01   1.45516254814815E-01   0.00000000000000E+00   0.00000000000000E+00   1.10828021451195E-05
      3.44194691066286E-22   1.10828021451195E-05   3.46567057663924E-18   0.00000000000000E+00   0.00000000000000E+00
      0.00000000000000E+00   0.00000000000000E+00  -1.10828021451177E-05  -3.42380660080218E-22  -1.10828021451177E-05
      2.75065280382461E-18   0.00000000000000E+00   0.00000000000000E+00   0.00000000000000E+00   0.00000000000000E+00
      0.00000000000000E+00   0.00000000000000E+00   0.00000000000000E+00  -8.32420120934892E-17   0.00000000000000E+00
     -4.46581681066354E-07  -1.29352364324565E+03   3.13289962222615E+05
      2.45516254814815E-01
      2.45516254814815E-01   2.45516254814815E-01   0.00000000000000E+00   0.00000000000000E+00   1.29467423865809E-05
      3.81521466779062E-22   1.29467423865809E-05   4.18665704442588E-18   0.00000000000000E+00   0.00000000000000E+00
      0.00000000000000E+00   0.00000000000000E+00  -1.29467423865797E-05  -3.79670819846081E-22  -1.29467423865797E-05
      2.75039008710977E-18   0.00000000000000E+00   0.00000000000000E+00   0.00000000000000E+00   0.00000000000000E+00
      0.00000000000000E+00   0.00000000000000E+00   0.00000000000000E+00  -8.57846781749056E-17   0.00000000000000E+00
     -4.42917959578004E-07  -1.67549045730795E+03   3.15591555261112E+05
      3.45516254814815E-01
      3.45516254814815E-01   3.45516254814815E-01   0.00000000000000E+00   0.00000000000000E+00   1.36765174753460E-05
      3.99056705726154E-22   1.36765174753460E-05   5.11683717142396E-18   0.00000000000000E+00   0.00000000000000E+00
      0.00000000000000E+00   0.00000000000000E+00  -1.36765174786994E-05  -3.97215154977524E-22  -1.36765174786994E-05
      2.75028166158409E-18   0.00000000000000E+00   0.00000000000000E+00   0.00000000000000E+00   0.00000000000000E+00
      0.00000000000000E+00   0.00000000000000E+00   0.00000000000000E+00  -8.75563021217881E-17   0.00000000000000E+00
     -4.41367070730023E-07  -1.85769537370306E+03   3.16564460345047E+05
      4.45516254814815E-01
      4.45516254814815E-01   4.45516254814815E-01   0.00000000000000E+00   0.00000000000000E+00   1.41625114082349E-05
      4.09909427677768E-22   1.41625114082349E-05   6.19202942274511E-18   0.00000000000000E+00   0.00000000000000E+00
      0.00000000000000E+00   0.00000000000000E+00  -1.41625114082136E-05  -4.08333342312208E-22  -1.41625114082136E-05
      2.75020767876316E-18   0.00000000000000E+00   0.00000000000000E+00   0.00000000000000E+00   0.00000000000000E+00
      0.00000000000000E+00   0.00000000000000E+00   0.00000000000000E+00  -8.91137429716900E-17   0.00000000000000E+00
     -4.40290318906761E-07  -1.99257854139264E+03   3.17239468059060E+05
      5.45516254814815E-01
      5.45516254814815E-01   5.45516254814815E-01   0.00000000000000E+00   0.00000000000000E+00   1.45505831407055E-05
      4.16898570044983E-22   1.45505831407055E-05   7.35454338632017E-18   0.00000000000000E+00   0.00000000000000E+00
      0.00000000000000E+00   0.00000000000000E+00  -1.45505831407032E-05  -4.33239407540452E-22  -1.45505831407032E-05
      2.75014756970529E-18   0.00000000000000E+00   0.00000000000000E+00   0.00000000000000E+00   0.00000000000000E+00
      0.00000000000000E+00   0.00000000000000E+00   0.00000000000000E+00  -9.05876196738949E-17   0.00000000000000E+00
     -4.39402706587558E-07  -2.10919606984008E+03   3.17795626620223E+05
      6.45516254814815E-01
      6.45516254814815E-01   6.45516254814815E-01   0.00000000000000E+00   0.00000000000000E+00   1.48792402102433E-05
      4.21170908821059E-22   1.48792402102433E-05   8.56710410981116E-18   0.00000000000000E+00   0.00000000000000E+00
      0.00000000000000E+00   0.00000000000000E+00  -1.48792402102442E-05  -1.08676316666644E-21  -1.48792402102443E-05
      2.75009593871722E-18   0.00000000000000E+00   0.00000000000000E+00   0.00000000000000E+00   0.00000000000000E+00
      0.00000000000000E+00   0.00000000000000E+00   0.00000000000000E+00  -9.20136524900795E-17   0.00000000000000E+00
     -4.38630146863670E-07  -2.21483533100476E+03   3.18279493036151E+05
      7.45516254814815E-01
      7.45516254814815E-01   7.45516254814815E-01   0.00000000000000E+00   0.00000000000000E+00   1.51686515529079E-05
      4.21768343993921E-22   1.51686515529079E-05   9.80597895571896E-18   0.00000000000000E+00   0.00000000000000E+00
      0.00000000000000E+00   0.00000000000000E+00  -1.51686515529075E-05  -1.45174454358230E-20  -1.51686515529076E-05
      2.75004991782639E-18   0.00000000000000E+00   0.00000000000000E+00   0.00000000000000E+00   0.00000000000000E+00
      0.00000000000000E+00   0.00000000000000E+00   0.00000000000000E+00  -9.34109624240180E-17   0.00000000000000E+00
     -4.37932982662085E-07  -2.31354546006357E+03   3.18715977388560E+05
      8.45516254814815E-01
      8.45516254814815E-01   8.45516254814815E-01   0.00000000000000E+00   0.00000000000000E+00   1.54269856122924E-05
      4.15577959452395E-22   1.54269856122924E-05   1.10579072619337E-17   0.00000000000000E+00   0.00000000000000E+00
      0.00000000000000E+00   0.00000000000000E+00  -1.54269856122929E-05  -1.89343517019947E-19  -1.54269856122931E-05
      2.75000839612665E-18   0.00000000000000E+00   0.00000000000000E+00   0.00000000000000E+00   0.00000000000000E+00
      0.00000000000000E+00   0.00000000000000E+00   0.00000000000000E+00  -9.47846741408056E-17   0.00000000000000E+00
     -4.37296593095888E-07  -2.40649337460549E+03   3.19114279230255E+05
      9.45516254814815E-01
      9.45516254814815E-01   9.45516254814815E-01   0.00000000000000E+00   0.00000000000000E+00   1.56632546224851E-05
      4.04816899145377E-22   1.56632546224851E-05   1.23148651582267E-17   0.00000000000000E+00   0.00000000000000E+00
      0.00000000000000E+00   0.00000000000000E+00  -1.56632546224799E-05  -1.94033101785670E-18  -1.56632546224819E-05
      2.74997005291299E-18   0.00000000000000E+00   0.00000000000000E+00   0.00000000000000E+00   0.00000000000000E+00
      0.00000000000000E+00   0.00000000000000E+00   0.00000000000000E+00  -9.61419234952141E-17   0.00000000000000E+00
     -4.36702391278821E-07  -2.49572703158978E+03   3.19486062844990E+05
      1.00000000000000E+00
      1.00000000000000E+00   1.00000000000000E+00   0.00000000000000E+00   0.00000000000000E+00   1.57837598722599E-05
      3.98953696306500E-22   1.57837598722599E-05   1.30000717404890E-17   0.00000000000000E+00   0.00000000000000E+00
      0.00000000000000E+00   0.00000000000000E+00  -1.57837598722515E-05  -6.72544822166861E-18  -1.57837598722582E-05
      2.74995036019640E-18   0.00000000000000E+00   0.00000000000000E+00   0.00000000000000E+00   0.00000000000000E+00
      0.00000000000000E+00   0.00000000000000E+00   0.00000000000000E+00  -9.68751647062542E-17   0.00000000000000E+00
     -4.36394667595127E-07  -2.54287974787961E+03   3.19678558024407E+05
}
