DF-ISE text

Info {
  version   = 1.0
  type      = xyplot
  datasets  = [
    "time"
    "drain_contact OuterVoltage" "drain_contact InnerVoltage" "drain_contact QuasiFermiPotential" "drain_contact DisplacementCurrent" "drain_contact eCurrent"
    "drain_contact hCurrent" "drain_contact TotalCurrent" "drain_contact Charge" "source_contact OuterVoltage" "source_contact InnerVoltage"
    "source_contact QuasiFermiPotential" "source_contact DisplacementCurrent" "source_contact eCurrent" "source_contact hCurrent" "source_contact TotalCurrent"
    "source_contact Charge" "gate_contact OuterVoltage" "gate_contact InnerVoltage" "gate_contact QuasiFermiPotential" "gate_contact DisplacementCurrent"
    "gate_contact eCurrent" "gate_contact hCurrent" "gate_contact TotalCurrent" "gate_contact Charge" "Pos(0,0.0145) Polarization/x"
    "Pos(0,0.0145) Polarization/y" "Pos(0,0.0145) ElectricField/x" "Pos(0,0.0145) ElectricField/y" ]
  functions = [
    Time
    OuterVoltage InnerVoltage QuasiFermiPotential DisplacementCurrent eCurrent
    hCurrent TotalCurrent Charge OuterVoltage InnerVoltage
    QuasiFermiPotential DisplacementCurrent eCurrent hCurrent TotalCurrent
    Charge OuterVoltage InnerVoltage QuasiFermiPotential DisplacementCurrent
    eCurrent hCurrent TotalCurrent Charge Polarization
    Polarization ElectricField ElectricField ]
}

Data {
      1.01000000000000E+00
      1.00000000000000E+00   1.00000000000000E+00   0.00000000000000E+00   2.52562518628885E-19   2.55154930140594E-11
      7.50588044738432E-23   2.55154932666970E-11   4.87182317299910E-17   0.00000000000000E+00   0.00000000000000E+00
      0.00000000000000E+00  -7.37185166087142E-21  -2.55173164599518E-11  -2.50520282074306E-20  -2.55173164923757E-11
      3.02635614874321E-17  -5.88000000000000E+00  -5.88000000000000E+00   0.00000000000000E+00   0.00000000000000E+00
      1.82322574640644E-15   0.00000000000000E+00   1.82322574640644E-15  -1.01987826126306E-15   0.00000000000000E+00
      2.87319877464975E-06  -1.25554583600301E-01   1.32047463793813E+06
      1.03000000000000E+00
      1.00000000000000E+00   1.00000000000000E+00   0.00000000000000E+00   6.60885957881732E-19   2.52658692470168E-11
      7.58625745889273E-23   2.52658699079786E-11   4.83003361783134E-17   0.00000000000000E+00   0.00000000000000E+00
      0.00000000000000E+00  -4.88905149968721E-20  -2.52677206215200E-11  -2.93784092809623E-20  -2.52677206997890E-11
      2.99683645990633E-17  -5.64000000000000E+00  -5.64000000000000E+00   0.00000000000000E+00   0.00000000000000E+00
      1.85074172971763E-15   0.00000000000000E+00   1.85074172971763E-15  -9.82863426668704E-16   0.00000000000000E+00
      2.83933642273816E-06  -3.83156811562895E-01   1.24356709506281E+06
      1.07000000000000E+00
      1.00000000000000E+00   1.00000000000000E+00   0.00000000000000E+00   4.02812131840147E-19   2.48972254043895E-11
      7.60269712195021E-23   2.48972258072777E-11   4.76181018846575E-17   0.00000000000000E+00   0.00000000000000E+00
      0.00000000000000E+00   7.20887721931700E-19  -2.48991628439505E-11  -1.95800384297032E-20  -2.48991621426429E-11
      2.96895230037900E-17  -5.16000000000000E+00  -5.16000000000000E+00   0.00000000000000E+00   0.00000000000000E+00
      1.93633515281568E-15   0.00000000000000E+00   1.93633515281568E-15  -9.05410020556075E-16   0.00000000000000E+00
      2.75445781563763E-06  -9.30909675713302E-01   1.08742176070737E+06
      1.12000000000000E+00
      1.00000000000000E+00   1.00000000000000E+00   0.00000000000000E+00   1.16337102489771E-18   2.38881031272458E-11
      7.53650710829897E-23   2.38881042906921E-11   4.64356781288178E-17   0.00000000000000E+00   0.00000000000000E+00
      0.00000000000000E+00   1.10391507299854E-19  -2.38900315339846E-11  -2.01747770307854E-20  -2.38900314437679E-11
      2.89762929905339E-17  -4.56000000000000E+00  -4.56000000000000E+00   0.00000000000000E+00   0.00000000000000E+00
      1.92713954791054E-15   0.00000000000000E+00   1.92713954791054E-15  -8.09053043160548E-16   0.00000000000000E+00
      2.61911102416319E-06  -1.39705746736613E+00   9.03510637045602E+05
      1.17000000000000E+00
      1.00000000000000E+00   1.00000000000000E+00   0.00000000000000E+00  -4.07305384120940E-19   2.27900038447889E-11
      7.37282941342645E-23   2.27900034375573E-11   4.50174115933831E-17   0.00000000000000E+00   0.00000000000000E+00
      0.00000000000000E+00  -2.29660892769594E-19  -2.27919578999007E-11  -2.36021390737884E-20  -2.27919581531637E-11
      2.80561637130833E-17  -3.96000000000000E+00  -3.96000000000000E+00   0.00000000000000E+00   0.00000000000000E+00
      1.95471549102257E-15   0.00000000000000E+00   1.95471549102257E-15  -7.11317268609419E-16   0.00000000000000E+00
      2.44417199704427E-06  -1.69750028622839E+00   7.29726881262411E+05
      1.22000000000000E+00
      1.00000000000000E+00   1.00000000000000E+00   0.00000000000000E+00   5.92972526902427E-19   2.13209277034139E-11
      6.85367396059028E-23   2.13209282964550E-11   4.32811353342662E-17   0.00000000000000E+00   0.00000000000000E+00
      0.00000000000000E+00   8.94576947298291E-20  -2.13229317624442E-11  -2.36080688554603E-20  -2.13229316965946E-11
      2.69872389496107E-17  -3.36000000000000E+00  -3.36000000000000E+00   0.00000000000000E+00   0.00000000000000E+00
      2.00339979455633E-15   0.00000000000000E+00   2.00339979455633E-15  -6.11147278881603E-16   0.00000000000000E+00
      2.22264912548056E-06  -2.04090825960356E+00   5.65310879183645E+05
      1.27000000000000E+00
      1.00000000000000E+00   1.00000000000000E+00   0.00000000000000E+00  -8.01681091152631E-19   1.85690628550068E-11
      5.54028627298613E-23   1.85690620533811E-11   4.09973300117021E-17   0.00000000000000E+00   0.00000000000000E+00
      0.00000000000000E+00   3.85561267748169E-19  -1.85710754644233E-11  -3.19094624413887E-20  -1.85710751107715E-11
      2.54953629309042E-17  -2.76000000000000E+00  -2.76000000000000E+00   0.00000000000000E+00   0.00000000000000E+00
      2.01305799255540E-15   0.00000000000000E+00   2.01305799255540E-15  -5.10494379253833E-16   0.00000000000000E+00
      1.95641045870521E-06  -2.16528999118739E+00   4.13943362052863E+05
      1.32000000000000E+00
      1.00000000000000E+00   1.00000000000000E+00   0.00000000000000E+00  -1.49130766553078E-18   1.50084188697180E-11
      3.77763566506348E-23   1.50084173784481E-11   3.81018473609064E-17   0.00000000000000E+00   0.00000000000000E+00
      0.00000000000000E+00   4.44249350305476E-21  -1.50103914934230E-11  -9.81460345229228E-20  -1.50103915871266E-11
      2.33118088435697E-17  -2.16000000000000E+00  -2.16000000000000E+00   0.00000000000000E+00   0.00000000000000E+00
      1.97420125978030E-15   0.00000000000000E+00   1.97420125978030E-15  -4.11784316264817E-16   0.00000000000000E+00
      1.65449868548707E-06  -2.21701710932367E+00   2.78397202274894E+05
      1.37000000000000E+00
      1.00000000000000E+00   1.00000000000000E+00   0.00000000000000E+00  -6.11729208532775E-19   1.09048560382547E-11
      1.88624763739630E-23   1.09048554265444E-11   3.45725348887892E-17   0.00000000000000E+00   0.00000000000000E+00
      0.00000000000000E+00  -2.76800224182994E-19  -1.09068299980921E-11  -3.21739574025442E-19  -1.09068305966319E-11
      2.05303474353592E-17  -1.56000000000000E+00  -1.56000000000000E+00   0.00000000000000E+00   0.00000000000000E+00
      1.97516826253633E-15   0.00000000000000E+00   1.97516826253633E-15  -3.13025903138001E-16   0.00000000000000E+00
      1.31320671064566E-06  -2.73473938414344E+00   1.53934126932672E+05
      1.37625000000000E+00
      1.00000000000000E+00   1.00000000000000E+00   0.00000000000000E+00   7.13397922638103E-20   1.02869327668160E-11
      1.77217650597708E-23   1.02869328381735E-11   3.40244660439786E-17   0.00000000000000E+00   0.00000000000000E+00
      0.00000000000000E+00   4.37178922502861E-19  -1.02887164815104E-11  -4.92732362176981E-19  -1.02887165370638E-11
      2.00550666823680E-17  -1.48499999999999E+00  -1.48499999999999E+00   0.00000000000000E+00   0.00000000000000E+00
      1.78370130879075E-15   0.00000000000000E+00   1.78370130879075E-15  -3.01877769958059E-16   0.00000000000000E+00
      1.27255481915140E-06  -2.84973798813102E+00   1.40603049941595E+05
      1.38875000000000E+00
      1.00000000000000E+00   1.00000000000000E+00   0.00000000000000E+00  -1.81559406830168E-19   9.14242758438064E-12
      1.80003077109004E-23   9.14242740283923E-12   3.29575843944046E-17   0.00000000000000E+00   0.00000000000000E+00
      0.00000000000000E+00   1.15535382971025E-19  -9.14435862514392E-12  -7.03738312764834E-19  -9.14435921334684E-12
      1.91910153180965E-17  -1.33500000000000E+00  -1.33500000000000E+00   0.00000000000000E+00   0.00000000000000E+00
      1.93181458280781E-15   0.00000000000000E+00   1.93181458280781E-15  -2.77730087672961E-16   0.00000000000000E+00
      1.18222090702142E-06  -3.23187427385240E+00   1.11923647860675E+05
      1.41375000000000E+00
      1.00000000000000E+00   1.00000000000000E+00   0.00000000000000E+00  -4.59211466293554E-20   6.67816854317288E-12
      2.91224892223073E-23   6.67816849728085E-12   3.06039038838812E-17   0.00000000000000E+00   0.00000000000000E+00
      0.00000000000000E+00   4.02922064777664E-19  -6.68001527464144E-12  -1.98609778543535E-18  -6.68001685781716E-12
      1.71850248869627E-17  -1.03500000000000E+00  -1.03500000000000E+00   0.00000000000000E+00   0.00000000000000E+00
      1.84834979852869E-15   0.00000000000000E+00   1.84834979852869E-15  -2.31521342709744E-16   0.00000000000000E+00
      1.00388211978368E-06  -4.75338602038490E+00   5.87357311258559E+04
      1.43875000000000E+00
      1.00000000000000E+00   1.00000000000000E+00   0.00000000000000E+00   5.43917729346112E-19   3.81953421683978E-12
      6.91333782715874E-23   3.81953476082664E-12   2.75619073843378E-17   0.00000000000000E+00   0.00000000000000E+00
      0.00000000000000E+00  -2.02250184144637E-19  -3.82022118641631E-12  -4.60792585154895E-16  -3.82068218125165E-12
      1.41125234062248E-17  -7.34999999999998E-01  -7.34999999999998E-01   0.00000000000000E+00   0.00000000000000E+00
      1.14738498533847E-15   0.00000000000000E+00   1.14738498533847E-15  -2.02836718076282E-16   0.00000000000000E+00
      8.97448178396283E-07  -6.76273941828245E+00   2.89069348127564E+04
      1.48875000000000E+00
      1.00000000000000E+00   1.00000000000000E+00   0.00000000000000E+00  -4.64694299059542E-19   6.73929700727117E-12
      1.93871703302706E-22   6.73929654277074E-12   2.12662219785554E-17   0.00000000000000E+00   0.00000000000000E+00
      0.00000000000000E+00  -2.51271506798916E-17  -6.15159949544033E-12  -5.88937017041317E-13  -6.74056163963232E-12
      8.21381259871060E-18  -1.34999999999997E-01  -1.34999999999997E-01   0.00000000000000E+00   0.00000000000000E+00
      1.24030817836930E-15   0.00000000000000E+00   1.24030817836930E-15  -1.40821309157817E-16   0.00000000000000E+00
      6.77804746493850E-07  -8.41443472103141E+01  -2.87852510325878E+04
      1.53875000000000E+00
      1.00000000000000E+00   1.00000000000000E+00   0.00000000000000E+00  -6.61385386218190E-19   1.32595272726315E-05
      3.70896837018695E-22   1.32595272726308E-05   1.39591579325980E-17   0.00000000000000E+00   0.00000000000000E+00
      0.00000000000000E+00   6.07107558169889E-19  -1.32595272724523E-05  -1.03213816794081E-15  -1.32595272734838E-05
      3.24059782454970E-18   4.65000000000003E-01   4.65000000000003E-01   0.00000000000000E+00   0.00000000000000E+00
      8.53753488273395E-16   0.00000000000000E+00   8.53753488273395E-16  -9.81336347441476E-17   0.00000000000000E+00
      5.55065514137970E-07  -1.79912378770075E+03  -5.89715688670035E+04
      1.56375000000000E+00
      1.00000000000000E+00   1.00000000000000E+00   0.00000000000000E+00   3.47378099509128E-18   8.54860934775042E-05
      7.31841208709025E-22   8.54860934775077E-05   9.95576624508581E-18   0.00000000000000E+00   0.00000000000000E+00
      0.00000000000000E+00  -2.33193631614924E-18  -8.54860934784690E-05  -2.71441738944939E-19  -8.54860934784716E-05
      2.07970275025049E-18   7.65000000000002E-01   7.65000000000002E-01   0.00000000000000E+00   0.00000000000000E+00
      9.63705081024583E-16   0.00000000000000E+00   9.63705081024583E-16  -7.40410077185331E-17   0.00000000000000E+00
      4.38074572027300E-07  -3.78585450677305E+03  -8.65609693942736E+04
      1.61375000000000E+00
      1.00000000000000E+00   1.00000000000000E+00   0.00000000000000E+00   5.66097643644505E-18   3.26296312560990E-04
      2.25845689279647E-21   3.26296312560996E-04   3.67522849074981E-18   0.00000000000000E+00   0.00000000000000E+00
      0.00000000000000E+00  -5.46798860338443E-18  -3.26296312562294E-04  -2.25814986915124E-21  -3.26296312562299E-04
      7.93065601531750E-19   1.36500000000000E+00   1.36500000000000E+00   0.00000000000000E+00   0.00000000000000E+00
      1.30433869324735E-15   0.00000000000000E+00   1.30433869324735E-15  -8.82407305616558E-18   0.00000000000000E+00
      1.46851864671035E-07  -5.10119408831560E+03  -1.51052551780721E+05
      1.66375000000000E+00
      1.00000000000000E+00   1.00000000000000E+00   0.00000000000000E+00  -5.62546667516190E-15   4.69126991954701E-04
      3.24747038704850E-21   4.69126991949075E-04   1.59538561585078E-18   0.00000000000000E+00   0.00000000000000E+00
      0.00000000000000E+00  -8.10548898854633E-18  -4.69126991956659E-04  -3.23926245267655E-21  -4.69126991956668E-04
     -1.17922802886417E-19   1.96500000000000E+00   1.96500000000000E+00   0.00000000000000E+00   0.00000000000000E+00
      1.95858373362180E-15   0.00000000000000E+00   1.95858373362180E-15   8.91051136249245E-17   0.00000000000000E+00
     -2.88690721592113E-07  -4.38985886290753E+03  -2.38155736760305E+05
      1.68875000000000E+00
      1.00000000000000E+00   1.00000000000000E+00   0.00000000000000E+00  -7.57771872854766E-14   5.03284086074380E-04
      3.48469057024084E-21   5.03284085998603E-04   1.05335730968261E-18   0.00000000000000E+00   0.00000000000000E+00
      0.00000000000000E+00  -3.34512243971753E-18  -5.03284086076572E-04  -3.45892181066230E-21  -5.03284086076576E-04
     -5.21732181420370E-19   2.26500000000000E+00   2.26500000000000E+00   0.00000000000000E+00   0.00000000000000E+00
      2.19139462949424E-15   0.00000000000000E+00   2.19139462949424E-15   1.43889979362281E-16   0.00000000000000E+00
     -5.40608168542502E-07  -4.03937858434897E+03  -2.84360029331755E+05
      1.73875000000000E+00
      1.00000000000000E+00   1.00000000000000E+00   0.00000000000000E+00  -1.04734497002002E-15   5.43026340055577E-04
      3.76059244613898E-21   5.43026340054529E-04   1.62013782561793E-19   0.00000000000000E+00   0.00000000000000E+00
      0.00000000000000E+00  -1.28658555373751E-19  -5.43026340057836E-04  -3.62529560047967E-21  -5.43026340057836E-04
     -1.27716502092581E-18   2.86500000000000E+00   2.86500000000000E+00   0.00000000000000E+00   0.00000000000000E+00
      2.25884181439593E-15   0.00000000000000E+00   2.25884181439593E-15   2.56832070082076E-16   0.00000000000000E+00
     -1.07636366509662E-06  -3.54370265532400E+03  -3.74612876546557E+05
      1.78875000000000E+00
      1.00000000000000E+00   1.00000000000000E+00   0.00000000000000E+00   6.04695210256631E-18   5.65265805331428E-04
      3.91492312276662E-21   5.65265805331434E-04  -6.21652165726049E-19   0.00000000000000E+00   0.00000000000000E+00
      0.00000000000000E+00   1.15792699836376E-18  -5.65265805333736E-04  -3.64979512903325E-21  -5.65265805333735E-04
     -1.99016833879357E-18   3.46500000000000E+00   3.46500000000000E+00   0.00000000000000E+00   0.00000000000000E+00
      2.30641307101116E-15   0.00000000000000E+00   2.30641307101116E-15   3.72152723632634E-16   0.00000000000000E+00
     -1.64292140890914E-06  -3.20903161832335E+03  -4.60708004286630E+05
      1.83875000000000E+00
      1.00000000000000E+00   1.00000000000000E+00   0.00000000000000E+00   1.29945140927489E-17   5.79560364468356E-04
      4.01409778222138E-21   5.79560364468369E-04  -1.35362178347698E-18   0.00000000000000E+00   0.00000000000000E+00
      0.00000000000000E+00   1.02926844299001E-18  -5.79560364470692E-04  -3.68962155186584E-21  -5.79560364470691E-04
     -2.67687028054270E-18   4.06500000000000E+00   4.06500000000000E+00   0.00000000000000E+00   0.00000000000000E+00
      2.33608229859173E-15   0.00000000000000E+00   2.33608229859173E-15   4.88956838562221E-16   0.00000000000000E+00
     -2.23373230782545E-06  -2.96290255715243E+03  -5.42704222698063E+05
      1.88875000000000E+00
      1.00000000000000E+00   1.00000000000000E+00   0.00000000000000E+00   9.72591390201099E-13   5.89618067548592E-04
      4.08386793872037E-21   5.89618068521183E-04  -2.05445438374448E-18   0.00000000000000E+00   0.00000000000000E+00
      0.00000000000000E+00   5.95488404034085E-14  -5.89618067550950E-04  -3.59879370989248E-21  -5.89618067491401E-04
     -3.34542418418351E-18   4.66500000000000E+00   4.66500000000000E+00   0.00000000000000E+00   0.00000000000000E+00
      2.35742976871781E-15   0.00000000000000E+00   2.35742976871781E-15   6.06828326998112E-16   0.00000000000000E+00
     -2.84463916863090E-06  -2.77300122312325E+03  -6.21048110372735E+05
      1.93875000000000E+00
      1.00000000000000E+00   1.00000000000000E+00   0.00000000000000E+00   2.66065892512918E-15   5.97152289279709E-04
      4.13613181759385E-21   5.97152289282370E-04  -2.73409456859581E-18   0.00000000000000E+00   0.00000000000000E+00
      0.00000000000000E+00   7.97683043317258E-18  -5.97152289282082E-04  -3.41208028588793E-21  -5.97152289282074E-04
     -4.00037391088326E-18   5.26500000000000E+00   5.26500000000000E+00   0.00000000000000E+00   0.00000000000000E+00
      2.37336808358825E-15   0.00000000000000E+00   2.37336808358825E-15   7.25496731177525E-16   0.00000000000000E+00
     -3.47239847583423E-06  -2.62257546324603E+03  -6.96243249713999E+05
      1.98875000000000E+00
      1.00000000000000E+00   1.00000000000000E+00   0.00000000000000E+00   1.81562953343438E-15   6.03060135009200E-04
      4.17711248239952E-21   6.03060135011015E-04  -3.39791771570902E-18   0.00000000000000E+00   0.00000000000000E+00
      0.00000000000000E+00   3.46606148176886E-16  -6.03060135011586E-04  -3.33889383161137E-21  -6.03060135011239E-04
     -4.64456565965176E-18   5.86500000000001E+00   5.86500000000001E+00   0.00000000000000E+00   0.00000000000000E+00
      2.38513186471574E-15   0.00000000000000E+00   2.38513186471574E-15   8.44753324413312E-16   0.00000000000000E+00
     -4.11426913643662E-06  -2.50196583996932E+03  -7.68774154312261E+05
      2.00000000000000E+00
      1.00000000000000E+00   1.00000000000000E+00   0.00000000000000E+00  -1.15792699836376E-18   6.04232220837717E-04
      4.18524227482121E-21   6.04232220837716E-04  -3.54546533200963E-18   0.00000000000000E+00   0.00000000000000E+00
      0.00000000000000E+00  -2.31585399672752E-18  -6.04232220840124E-04  -3.34224593139974E-21  -6.04232220840127E-04
     -4.79419668431360E-18   6.00000000000000E+00   6.00000000000000E+00   0.00000000000000E+00   0.00000000000000E+00
      2.40819961930936E-15   0.00000000000000E+00   2.40819961930936E-15   8.71845570130540E-16   0.00000000000000E+00
     -4.26039280586991E-06  -2.47828630331745E+03  -7.84773965514209E+05
}
